"output_image_45.0_45.5_1.0_1.5", "terrains/output_image_45.0_45.5_1.0_1.5.png", 1800, 1800, 111142, 78846, 65.0, 478.0, 45.25, 1.0
"output_image_45.0_45.5_1.5_2.0", "terrains/output_image_45.0_45.5_1.5_2.0.png", 1800, 1800, 111142, 78846, 100.0, 922.0, 45.25, 1.0
"output_image_45.5_46.0_1.0_1.5", "terrains/output_image_45.5_46.0_1.0_1.5.png", 1800, 1800, 111142, 78846, 173.0, 653.0, 45.75, 1.0
"output_image_45.5_46.0_1.5_2.0", "terrains/output_image_45.5_46.0_1.5_2.0.png", 1800, 1800, 111142, 78846, 261.0, 926.0, 45.75, 1.0
"Alps: Mont Blanc", "terrains/alps-montblanc.png", 647, 647, 60000, 60000, 454.0, 4810.0, 45.8, 1.0
"alps_tile_46.3491225_46.8491225_14.7590871_15.2590871", "terrains/alps_tile_46.3491225_46.8491225_14.7590871_15.2590871.png", 1800, 1800, 55582, 38487, 308.0, 2137.0, 46.599122481313785, 1.0
"alps_tile_44.3491225_44.8491225_6.2590871_6.7590871", "terrains/alps_tile_44.3491225_44.8491225_6.2590871_6.7590871.png", 1800, 1800, 55562, 39867, 655.0, 3538.0, 44.599122481313785, 1.0
"alps_tile_47.3491225_47.8491225_10.2590871_10.7590871", "terrains/alps_tile_47.3491225_47.8491225_10.2590871_10.7590871.png", 1800, 1800, 55591, 37780, 635.0, 2500.0, 47.599122481313785, 1.0
"alps_tile_44.8491225_45.3491225_5.7590871_6.2590871", "terrains/alps_tile_44.8491225_45.3491225_5.7590871_6.2590871.png", 1800, 1800, 55567, 39527, 201.0, 3588.0, 45.099122481313785, 1.0
"alps_tile_47.3491225_47.8491225_15.7590871_16.2590871", "terrains/alps_tile_47.3491225_47.8491225_15.7590871_16.2590871.png", 1800, 1800, 55591, 37780, 240.0, 2066.0, 47.599122481313785, 1.0
"andes_chile_tile_-19.4034293_-18.9034293_-68.4591329_-67.9591329", "terrains/andes_chile_tile_-19.4034293_-18.9034293_-68.4591329_-67.9591329.png", 1800, 1800, 55347, 52518, 3620.0, 5076.0, -19.153429274368314, 1.0
"andes_chile_tile_-20.4034293_-19.9034293_-68.4591329_-67.9591329", "terrains/andes_chile_tile_-20.4034293_-19.9034293_-68.4591329_-67.9591329.png", 1800, 1800, 55353, 52189, 3620.0, 5178.0, -20.153429274368314, 1.0
"andes_chile_tile_-24.9034293_-24.4034293_-67.4591329_-66.9591329", "terrains/andes_chile_tile_-24.9034293_-24.4034293_-67.4591329_-66.9591329.png", 1800, 1800, 55384, 50514, 3464.0, 5501.0, -24.653429274368314, 1.0
"andes_chile_tile_-24.9034293_-24.4034293_-68.4591329_-67.9591329", "terrains/andes_chile_tile_-24.9034293_-24.4034293_-68.4591329_-67.9591329.png", 1800, 1800, 55384, 50514, 3464.0, 5759.0, -24.653429274368314, 1.0
"andes_chile_tile_-18.9034293_-18.4034293_-68.9591329_-68.4591329", "terrains/andes_chile_tile_-18.9034293_-18.4034293_-68.9591329_-68.4591329.png", 1800, 1800, 55344, 52676, 3717.0, 5622.0, -18.653429274368314, 1.0
"himalaya_tile_26.582269_27.082269_89.7881686_90.2881686", "terrains/himalaya_tile_26.582269_27.082269_89.7881686_90.2881686.png", 1800, 1800, 55400, 49809, 58.0, 3173.0, 26.832268966739964, 1.0
"himalaya_tile_29.582269_30.082269_77.7881686_78.2881686", "terrains/himalaya_tile_29.582269_30.082269_77.7881686_78.2881686.png", 1800, 1800, 55425, 48444, 213.0, 796.0, 29.832268966739964, 1.0
"himalaya_tile_27.082269_27.582269_90.7881686_91.2881686", "terrains/himalaya_tile_27.082269_27.582269_90.7881686_91.2881686.png", 1800, 1800, 55404, 49591, 307.0, 4432.0, 27.332268966739964, 1.0
"himalaya_tile_28.582269_29.082269_80.2881686_80.7881686", "terrains/himalaya_tile_28.582269_29.082269_80.2881686_80.7881686.png", 1800, 1800, 55417, 48914, 139.0, 2058.0, 28.832268966739964, 1.0
"himalaya_tile_28.582269_29.082269_82.7881686_83.2881686", "terrains/himalaya_tile_28.582269_29.082269_82.7881686_83.2881686.png", 1800, 1800, 55417, 48914, 1505.0, 7400.0, 28.832268966739964, 1.0
"nevada_tile_39.8481537_40.3481537_-116.148718_-115.648718", "terrains/nevada_tile_39.8481537_40.3481537_-116.148718_-115.648718.png", 1800, 1800, 55518, 42791, 1585.0, 2959.0, 40.09815368739414, 1.0
"nevada_tile_37.8481537_38.3481537_-117.648718_-117.148718", "terrains/nevada_tile_37.8481537_38.3481537_-117.648718_-117.148718.png", 1800, 1800, 55499, 44007, 1369.0, 2767.0, 38.09815368739414, 1.0
"nevada_tile_36.3481537_36.8481537_-117.148718_-116.648718", "terrains/nevada_tile_36.3481537_36.8481537_-117.148718_-116.648718.png", 1800, 1800, 55485, 44883, -103.0, 2051.0, 36.59815368739414, 1.0
"nevada_tile_38.3481537_38.8481537_-114.148718_-113.648718", "terrains/nevada_tile_38.3481537_38.8481537_-114.148718_-113.648718.png", 1800, 1800, 55504, 43708, 1536.0, 2888.0, 38.59815368739414, 1.0
"nevada_tile_36.8481537_37.3481537_-114.648718_-114.148718", "terrains/nevada_tile_36.8481537_37.3481537_-114.648718_-114.148718.png", 1800, 1800, 55490, 44594, 574.0, 2251.0, 37.09815368739414, 1.0
"sahara_tile_28.8639743_29.3639743_4.0050733_4.5050733", "terrains/sahara_tile_28.8639743_29.3639743_4.0050733_4.5050733.png", 1800, 1800, 55419, 48783, 278.0, 637.0, 29.11397428998136, 1.0
"sahara_tile_30.8639743_31.3639743_8.0050733_8.5050733", "terrains/sahara_tile_30.8639743_31.3639743_8.0050733_8.5050733.png", 1800, 1800, 55436, 47820, 109.0, 343.0, 31.11397428998136, 1.0
"sahara_tile_29.3639743_29.8639743_9.5050733_10.0050733", "terrains/sahara_tile_29.3639743_29.8639743_9.5050733_10.0050733.png", 1800, 1800, 55423, 48548, 345.0, 614.0, 29.61397428998136, 1.0
"sahara_tile_28.8639743_29.3639743_7.5050733_8.0050733", "terrains/sahara_tile_28.8639743_29.3639743_7.5050733_8.0050733.png", 1800, 1800, 55419, 48783, 253.0, 459.0, 29.11397428998136, 1.0
"sahara_tile_29.3639743_29.8639743_4.0050733_4.5050733", "terrains/sahara_tile_29.3639743_29.8639743_4.0050733_4.5050733.png", 1800, 1800, 55423, 48548, 239.0, 562.0, 29.61397428998136, 1.0
"alps_tile_42.8491225_43.3491225_4.7590871_5.2590871", "terrains/alps_tile_42.8491225_43.3491225_4.7590871_5.2590871.png", 1800, 1800, 55547, 40870, -32768.0, 232.0, 43.0991225, 1.0
"alps_tile_42.8491225_43.3491225_5.2590871_5.7590871", "terrains/alps_tile_42.8491225_43.3491225_5.2590871_5.7590871.png", 1800, 1800, 55547, 40870, -32768.0, 1042.0, 43.0991225, 1.0
"alps_tile_42.8491225_43.3491225_5.7590871_6.2590871", "terrains/alps_tile_42.8491225_43.3491225_5.7590871_6.2590871.png", 1800, 1800, 55547, 40870, -32768.0, 1143.0, 43.0991225, 1.0
"alps_tile_42.8491225_43.3491225_6.2590871_6.7590871", "terrains/alps_tile_42.8491225_43.3491225_6.2590871_6.7590871.png", 1800, 1800, 55547, 40870, -7.0, 777.0, 43.0991225, 1.0
"alps_tile_42.8491225_43.3491225_6.7590871_7.2590871", "terrains/alps_tile_42.8491225_43.3491225_6.7590871_7.2590871.png", 1800, 1800, 55547, 40870, -32768.0, 0.0, 43.0991225, 1.0
!"andes_chile_tile_-27.9034293_-27.4034293_-69.4591329_-68.9591329", "terrains/andes_chile_tile_-27.9034293_-27.4034293_-69.4591329_-68.9591329.png", 1800, 1800, 55407, 49225, 2955.0, 5876.0, -27.6534293, 1.0
"andes_chile_tile_-27.9034293_-27.4034293_-68.9591329_-68.4591329", "terrains/andes_chile_tile_-27.9034293_-27.4034293_-68.9591329_-68.4591329.png", 1800, 1800, 55407, 49225, 3987.0, 6790.0, -27.6534293, 1.0
"andes_chile_tile_-27.9034293_-27.4034293_-68.4591329_-67.9591329", "terrains/andes_chile_tile_-27.9034293_-27.4034293_-68.4591329_-67.9591329.png", 1800, 1800, 55407, 49225, 2688.0, 5489.0, -27.6534293, 1.0
"andes_chile_tile_-27.9034293_-27.4034293_-67.9591329_-67.4591329", "terrains/andes_chile_tile_-27.9034293_-27.4034293_-67.9591329_-67.4591329.png", 1800, 1800, 55407, 49225, 1352.0, 4270.0, -27.6534293, 1.0
"andes_chile_tile_-27.4034293_-26.9034293_-69.4591329_-68.9591329", "terrains/andes_chile_tile_-27.4034293_-26.9034293_-69.4591329_-68.9591329.png", 1800, 1800, 55403, 49449, 2577.0, 6057.0, -27.1534293, 1.0
"himalaya_tile_26.582269_27.082269_85.7881686_86.2881686", "terrains/himalaya_tile_26.582269_27.082269_85.7881686_86.2881686.png", 1800, 1800, 55400, 49809, 47.0, 1269.0, 26.832269, 1.0
"himalaya_tile_26.582269_27.082269_86.2881686_86.7881686", "terrains/himalaya_tile_26.582269_27.082269_86.2881686_86.7881686.png", 1800, 1800, 55400, 49809, 70.0, 2343.0, 26.832269, 1.0
"himalaya_tile_26.582269_27.082269_86.7881686_87.2881686", "terrains/himalaya_tile_26.582269_27.082269_86.7881686_87.2881686.png", 1800, 1800, 55400, 49809, 63.0, 2423.0, 26.832269, 1.0
"himalaya_tile_26.582269_27.082269_87.2881686_87.7881686", "terrains/himalaya_tile_26.582269_27.082269_87.2881686_87.7881686.png", 1800, 1800, 55400, 49809, 85.0, 2701.0, 26.832269, 1.0
"himalaya_tile_26.582269_27.082269_87.7881686_88.2881686", "terrains/himalaya_tile_26.582269_27.082269_87.7881686_88.2881686.png", 1800, 1800, 55400, 49809, 84.0, 3139.0, 26.832269, 1.0
"nevada_tile_36.3481537_36.8481537_-117.148718_-116.648718", "terrains/nevada_tile_36.3481537_36.8481537_-117.148718_-116.648718.png", 1800, 1800, 55485, 44883, -103.0, 2051.0, 36.5981537, 1.0
"nevada_tile_36.3481537_36.8481537_-116.648718_-116.148718", "terrains/nevada_tile_36.3481537_36.8481537_-116.648718_-116.148718.png", 1800, 1800, 55485, 44883, 629.0, 2024.0, 36.5981537, 1.0
"nevada_tile_36.3481537_36.8481537_-116.148718_-115.648718", "terrains/nevada_tile_36.3481537_36.8481537_-116.148718_-115.648718.png", 1800, 1800, 55485, 44883, 739.0, 3162.0, 36.5981537, 1.0
"nevada_tile_36.3481537_36.8481537_-115.648718_-115.148718", "terrains/nevada_tile_36.3481537_36.8481537_-115.648718_-115.148718.png", 1800, 1800, 55485, 44883, 754.0, 3020.0, 36.5981537, 1.0
"nevada_tile_36.3481537_36.8481537_-115.148718_-114.648718", "terrains/nevada_tile_36.3481537_36.8481537_-115.148718_-114.648718.png", 1800, 1800, 55485, 44883, 484.0, 2539.0, 36.5981537, 1.0
"sahara_tile_27.8639743_28.3639743_3.5050733_4.0050733", "terrains/sahara_tile_27.8639743_28.3639743_3.5050733_4.0050733.png", 1800, 1800, 55411, 49243, 496.0, 789.0, 28.1139743, 1.0
"sahara_tile_27.8639743_28.3639743_4.0050733_4.5050733", "terrains/sahara_tile_27.8639743_28.3639743_4.0050733_4.5050733.png", 1800, 1800, 55411, 49243, 391.0, 675.0, 28.1139743, 1.0
"sahara_tile_27.8639743_28.3639743_4.5050733_5.0050733", "terrains/sahara_tile_27.8639743_28.3639743_4.5050733_5.0050733.png", 1800, 1800, 55411, 49243, 371.0, 628.0, 28.1139743, 1.0
"sahara_tile_27.8639743_28.3639743_5.0050733_5.5050733", "terrains/sahara_tile_27.8639743_28.3639743_5.0050733_5.5050733.png", 1800, 1800, 55411, 49243, 366.0, 595.0, 28.1139743, 1.0
"sahara_tile_27.8639743_28.3639743_5.5050733_6.0050733", "terrains/sahara_tile_27.8639743_28.3639743_5.5050733_6.0050733.png", 1800, 1800, 55411, 49243, 331.0, 571.0, 28.1139743, 1.0
